u = 1
v = 0